3717037878647883749
4099331259806569087
-5078710086145383717
-7812381270300286351
3054790969406960917
5238580525002911214
7795854148066038407
6293539166579410018
609793771107092008
-4982783243486373954
2904949180254895158
-6651775561366576354
7558999385497571960
-8972223314720735758
-2433784367500046326
2344761010604539017
3621996052464391250
-6186178539743822041
-292516829192876665
7228266051596052523
-1094976396948435954
-1839353085837986952
4803626104753517098
-8960506494937892063
7203172913341035523
6091546342392469833
6042615348730401695
4705238687311325797
8554266691373981313
-1450315431211394343
-5639031148480971666
-6919754212868616291
8211256382890834371
2234415806925985632
-1498742660711157182
4455315060366183494
3418778593314645498
5378358941362962278
-4043970406258140318
3246446518047346753
3198913152877812043
-4414203471992774970
8328577674118050144
-478231464800984352
3364633391876512092
-4074362600755651482
-3301624341938611441
4893381769260059787
-7369542272529910452
-618889019181958007
3569630354014884340
8987143991936472504
-3878422614851665438
-1323809292292766101
7824965538431331954
-4928837938375477077
-2965575077357676381
-3074949428052214098
3038898010981230906
3585324154656685062
-5082819514131725911
-1446992162030848909
1310165063153053952
-2173040037004290753
6286737163513248576
3272632753601388675
-4525496951882688601
-6374111279003076930
8190314769462274025
-8265743671414374346
8557193041008377686
-6652267394864038623
8609579315742294893
7536555687018754310
224445669112485760
-6100276789315826664
-6026607001843797000
-1208931535466489829
-8587757724515940088
136041711492737427
3448877732800866113
175447467041288396
-5039403404516054269
-1880609125979261799
-631928765355374408
-8752655919203748919
1612559409887829119
-5919391164900663636
-1759301656394863380
-3824253148347535532
-1533522563421937398
-954460556781370910
-2872301821239358333
-1730871379928810463
7586169415724931465
1417986209540657196
2710188614734367347
-4106187978800682874
158199910164661463
-3511153869288770876
-4240168942846368962
5674389560991377318
4925156842919022437
-3819964510915132402
-212758209882933285
1918315666576973394
5403523043747488592
8970553729725567376
8369071830830865194
1539886154064389459
1893164670739372968
-2435159962307886245
-8900042302467969690
-7005403562173913153
-6525828668701728760
-2737224446876761679
-3204060983615159771
-4685000045167076441
3561753390549247235
1950980784919379597
3522151125544103283
645692864886725759
5286300103013651725
1860078428647077288
-404417798240444119
-5018088727836366191
-3227854104763754522
-1250143577326364738
4327307720079818712
-8982701600017858342
-9158935908033668191
-5755757491876826471
-3395840168514745848
2066486053499941259
-393184993606127985
3104375087112022075
-3301933150665829052
-705585301174359750
-5144121383473716203
-5558893795900257800
-2885360296634293467
5383417122839861563
6333488406771192808
1554907460976304933
2481128702906679625
-3482324749155424233
-119097184982209833
8858032154404334041
-9123613870051908541
-6478627478711946295
-4679864268194708389
-2354316507630125501
7731255917313368888
-222037803154194456
1288048752962318700
5414679867159302777
6678229918248208039
6412740309785561249
-4280820350617654380
8817486083657210324
2020714551118520796
-7889952838226677060
1343447339866961075
2889416511347414479
-2456745412974759836
-7733573880918026050
-473057734922966263
-1025430510080303331
-4593728796489577981
-683868163025079860
9208563841842234699
-3099708156141176021
-2574365392167490106
6129472567288786870
-3807530066879372659
5552172541170966819
-3898274803459456546
8811106221333730600
6787354719416864742
-4866549004580884681
4873076416801397480
-2583315252480447843
5093192216573603663
2500576960617078471
-9108888110402360772
-3866173873713199155
2320042478606289037
6730016929112484693
-6562850594077884334
1187085302081500420
4029503690473427933
-4700385545840073804
-1774858474611032499
-5766112320672080602
7566589781024850217
-184531113209891895
4416553428882158353
7271503308637983161
-1871496117551803967
7689515232977010310
-3365938813902183033
-2340088733560865086
4688086994645817505
-6046582062877623030
2151902556223375085
-3623645081517857944
3717036882586363921
3142537494045450403
4954441445554300207
-2589497325201029450
-7531374235602038679
1072814324489890235
-7917603063562167383
2986967174794999611
6530221357167617409
-2454543545051907039
-6146527272276926384
-8936868809767776550
-823307151657774386
-6677351116309398710
-5505170786350329997
7553605675561057274
2499262871754528430
-3647183333956621300
449254376550485513
7742847778990402072
751819844219932208
1790184476295072733
-1388775683146483891
500218847698094377
4340261185304126732
-7556057860803568280
-7739449804345821525
3015728699689669506
527341650830205753
40241255879376574
-2768552751811904104
-4948088872419090395
1314803735824733711
-4674346703601683931
-6824769853226574007
-2553151340033824265
4340517963979479164
4005958951201383119
6076240830596445144
4035045410429581612
8051680507152900454
459321922015416496
-6830248372517141500
-4639310617583075985
-4449943316322565148
-4181941713616015160
4420206916309723381
7584689439867631105
213436144043721593
-6914094895467204016
2707477149400978599
-3289081679406724860
-6440278448810482689
-5772611805199335037
-8620633920619809958
4392384325181678507
7188130966142053884
-8858554335058524868
-5766700386306989771
-9193422063827533294
7696016701745507788
432718441148646498
6134555284658723750
2846024083515750838
-5731758905728695312
-7173599337608217686
5153287825496044789
-7945911881169677837
1651309343024320312
8676174500109295241
2134617984650673965
-9017693599975709833
2574748468658088695
5309526202370960844
-5709385743491314472
-1842942435972486619
-6836472649483550223
-3208497618207813032
-3553693692449280564
-5174057459430737902
8964345615510635056
5691688319510318682
-3855834010281931236
-4449917861867817899
-8572494697372562
6401042143399989204
-252361777183079837
-7844938798833011751
2939516467673423406
-5605630860902018735
5788122755732098133
2892711625907252916
973126740245702721
6194889984939135273
355004555252780694
8222586855224646066
-4061061302251573164
-5969755889703219481
1671634471187389297
2506667319770670917
1061434984259502232
-8743720081055104669
1970140302460445413
1134313137598310534
7401019426839999957
3662108346853769379
-1548930071166851104
-2534330061424744945
-8201542730097603834
4870814188715786859
-95498845117838303
-2761455269994935620
134044478507681267
-7648588984928992720
-5774140886002478402
-4251651814366935458
5991893961673130548
3655429361314514730
3303493253161263243
-5749126308798214631
4586159003171902797
7197599793941580336
5471054721718149811
205874233022784579
-1543947057680529580
1330594551637902658
5060745235988485301
-587869276896446178
3140426703269738178
7932228063225547715
7492421417278968650
-6600865758403307361
-3652216057706374926
-1044626074141848840
-7277328535450032233
614564524983645442
-1511756446348993462
4987933917021553023
1566253481790231027
-2110302916298202125
2284669167279156271
-6442168046218363170
835441336438186776
-9217267033350315910
-410363483199501760
480038590284215627
-7194977933553119325
-2156595322057939939
7586830730085521474
-5203861971306981610
-7225820617615717033
7043295330304799195
3576272912198022623
-2007248508323825882
3053550804500999440
3787667526250251438
3837132673400946760
1830489419963359287
-2468241094100741260
4500935035547157397
3153591860609716966
-4368817792070448491
215109739435479913
-6308674978609085013
-5942424341521051578
8665975777989699299
-5750604016940147058
1409850972272664449
1954412118506354288
-6659073145361152664
1200346571464415745
-1344108245389124418
7429275754966455146
689940821481757770
-4674263341888955521
5959877794125819391
-1733431853060600913
-3063005003252637220
-4606439950744385557
-4346376263653233501
-5740568034526932947
186528884143820340
-7261567395347653086
9062034466606169267
3598624596734505472
-7192100736380971320
-7341140950368295383
-5812378359291674161
-693770097114259310
2913246942020060177
-7977621304325742007
7114068858970054843
5685247142066370578
4525765414469732484
3409448433828612361
5844722178793339691
-2081905854621470330
-8423269510490990070
2178875264594738230
-4388020326076273752
7267954758759873127
-1037182774415893802
-4491350780362701259
8088075803905153148
-6879178052003612501
2662587486851518889
4565324828452718714
8145417984586680522
1891340619864514624
7614254365174575671
2574870486650969602
-1571538292407571963
-2247017908240188965
-1115814974494247636
7734995217237365609
4390056050838716201
3408784667061430670
3774225338491618571
3454525204614024794
-621669246760198063
-1401827888766680044
8574359978658030008
8719278424294572789
-8336564996224780757
-8429130792110222022
-7222581050825508007
4874353138561385696
-7423689987279569645
7755742441350186001
-8087703954199400302
-724072299744984844
-1517646170724690707
-2927293425466197249
1367358714274171663
6194200507493225371
-4980066134063634929
5982771886498050835
-7623598095030031947
-2600442441513944182
7862209764401662351
-1515205990301699940
2293924038538087958
671954924580428489
35770060051114393
4378569753961627533
-8894921413118264845
491329686360851100
-4399782997054204372
-8780749011899875419
4442261712897680877
-2582653271425275373
-139370841145060991
4008481577936591116
327400299680508409
4752084554956975225
4029682938246920818
7352670809761335509
604668746569070803
1790476369278595538
-4159397618698796166
-3041755264034192494
-6023886609445428706
-6034541306710148321
-4370656266705896846
-7682690154036618789
-3969772913583324267
-7199134836776347126
3885168084991551622
-1987339256382496173
7275192393154782620
4147543572425425631
-6203639248604831304
-6471411761528074165
-4686273397749934053
-4772103700278136007
-5932138895523428016
-7485070473495357113
-1272312094814919480
3324115832823980981
5903147325048771167
-1963118789045775227
-1789473768223006827
-1415723533005464195
-4097329967496284587
3211112487785676776
5163574137213727307
-793613604748657754
4798005268453985882
7173070990685183769
6814764182455419729
6074935278223687068
-8944104737943817410
-8944809719829612185
-8203214133861678310
-5921679979306904393
-5184706213781744791
5585343621875213342
1794098879261935019
1367836968359272542
4144325698030873631
-5945727058210219222
-1474781597649174520
-7461845236945803928
5226016066788125109
5704075311271856445
1340667302870349054
-5398626867719442170
-5385670199321778612
-7462346339583674885
-8120006250837986294
-4308792328900571235
6632754878914436167
-7613601505926938156
-3489558558532977966
2329468375382968533
-7393405884823000920
5023102582138887520
-6009879054261287422
-3670033967028256415
5145464015400962088
2940590269489263479
5413849506892722364
-5097097419935917744
3171124120466885184
3446176964293109703
1743579044699501557
-604517717722682654
-3683801267063646886
1806599240925878705
-6340298716378130619
4585903342342859632
-5266586375225674292
-151483986870470874
-1174242270891317874
-7571895958899948045
8905073057839786738
2548910449344940212
6548304551435334771
5485206028266832122
3385448309745473877
664974570562473800
-1037908129663084976
2825886186169939967
4352838940802405432
3791048214464533850
-9150479437154839369
143169917175974248
-3241767894455898598
-6961287236985322294
-2966070587723507037
5405555612207591629
-1236739324904686958
-4568428586826983206
3128509772922311913
-342956839435450775
-5903819583108954979
-5162072600165573229
-8647632104663320328
2720741693724753532
7934328372232908915
1605986136746320625
-4652775857286519719
8282870180199803878
-853625613401517664
-279125352956304515
-6103109036023331624
-1279461425524741692
8155952611439280027
-4804082939521284711
2776156307851821898
-7474681824402417904
2364647810994155826
25402366091740624
-1146609089373504341
4350019271821114567
5257136188759737397
-4225011511904195124
-4031540928192745857
5542348519025832945
3246735373437803205
6398892073821405420
-5873140311178093215
4722432432391453345
-7106487237442013300
-5488149837418359522
-316063032126405394
6117805402008081727
1664671082995401461
6493782240136777556
-7219809530808417186
-7457321518118450147
-8147292237670737452
-1842263918501802772
7992782034160501091
-8745783488949524585
3357956783219084130
5252612542160096747
8274306161143408705
-1969586124647892181
8013542083103719676
536857886680192042
773939616774609021
8118161555973993638
-1752021548743126162